-20130625020524
-20130625020530
-20130625020544
-20130625022908
-20130625035855
-20130625035858
-20130625035903
-20130625035906
-20130625035910
-20130625035912
-20130625035916
-20130625035941
-20130625041115
-20130625041117
-20130625041119
-20130625041812
-20130625041837
-20130625042654
-20130625051026
-20130625051031
-20130625200309
-20130625200321
-20130625200324
-20130625202113
-20130625202117
-20130625211725
-20130625211808
-20130625211821
-20130625211829
-20130625212048
-20130625212123
-20130625212132
-20130625212153
-20130625212200
-20130625212313
-20130625212409
-20130625212423
-20130625212433
-20130625212555
-20130625212602
-20130625212605
-20130625212630
-20130625212635
-20130625212704
-20130625212714
-20130625213835
-20130625213841
-20130625213845
-20130625213856
-20130625213901
-20130625213906
-20130625214627
